Cluster-1 {size: 2561, centroid: 0 16 35 5 32 31 14 10 11 78 55 10 45 83 11 6 14 57 102 75 20 8 3 5 67 17 19 26 5 0 1 22 60 26 7 1 18 22 84 53 85 119 119 4 24 18 7 7 1 81 106 102 72 30 6 0 9 1 9 119 72 1 4 33 119 29 6 1 0 1 14 52 119 30 3 0 0 55 92 111 2 5 4 9 22 89 96 14 1 0 1 82 59 16 20 5 25 14 11 4 0 0 1 26 47 23 4 0 0 4 38 83 30 14 9 4 9 17 23 41 0 0 2 8 19 25 23 1 

Cluster-2 {size: 200, centroid: 105 4 0 0 0 0 3 47 84 4 2 27 18 16 6 23 1 1 1 99 135 3 0 0 2 2 0 14 66 1 0 0 134 1 0 0 0 0 8 86 135 45 1 3 6 23 17 59 16 23 4 53 135 18 1 1 1 16 23 24 116 2 0 0 135 21 0 0 1 1 1 21 135 63 0 0 8 28 31 19 7 8 1 3 135 104 17 2 12 11 11 10 75 7 0 1 120 11 0 0 0 0 1 15 83 9 0 0 2 30 34 31 0 0 2 17 108 25 10 4 3 4 7 15 31 5 0 0 

Cluster-3 {size: 2384, centroid: 41 50 19 2 1 0 0 4 63 62 90 39 7 8 9 29 17 5 42 73 74 80 18 18 1 0 5 25 19 8 2 2 86 13 1 1 3 1 6 75 127 37 45 34 3 0 16 98 26 10 105 127 51 19 16 2 2 8 72 127 60 12 9 1 37 3 0 0 0 2 6 32 127 9 0 0 0 24 96 127 15 0 3 14 15 127 127 17 3 2 22 28 15 82 109 38 1 1 1 9 8 10 4 3 5 2 1 0 0 14 78 45 1 8 2 0 0 44 70 5 0 4 3 3 2 8 14 2 

Cluster-4 {size: 3123, centroid: 0 0 0 0 26 13 12 20 2 0 0 3 60 21 21 115 18 0 0 27 42 3 18 128 105 2 0 2 2 0 0 85 2 0 0 4 21 16 28 60 12 0 2 7 72 27 9 25 75 0 0 4 8 3 18 95 128 9 0 0 1 1 9 32 7 80 39 27 23 1 2 11 3 31 128 73 8 3 1 2 40 44 103 48 0 0 7 20 128 114 7 0 0 0 3 7 2 128 43 7 2 0 0 0 1 48 128 53 0 0 0 0 1 38 128 86 0 0 0 0 61 99 30 1 0 0 0 2 

Cluster-5 {size: 1732, centroid: 98 2 0 4 18 12 6 29 10 0 0 5 41 37 119 36 30 0 0 0 0 1 119 77 13 0 0 0 14 25 50 16 77 109 53 25 53 0 0 4 15 9 2 55 119 8 10 5 119 7 1 0 1 0 10 44 44 0 0 0 60 27 5 16 0 45 46 18 57 55 24 5 1 50 81 95 119 9 5 4 41 102 119 5 0 0 0 6 16 21 79 60 38 12 1 4 46 3 0 1 2 71 47 34 70 96 55 16 9 1 7 32 0 63 119 1 0 0 7 5 0 7 86 41 0 1 3 0 

clustering_time: -281941

Silhouette: [0.0729924, 0.0211447, 0.0677808, 0.0471698, 0.0508393, 0.0519854]

Cluster-1 {centroid: 0 16 35 5 32 31 14 10 11 78 55 10 45 83 11 6 14 57 102 75 20 8 3 5 67 17 19 26 5 0 1 22 60 26 7 1 18 22 84 53 85 119 119 4 24 18 7 7 1 81 106 102 72 30 6 0 9 1 9 119 72 1 4 33 119 29 6 1 0 1 14 52 119 30 3 0 0 55 92 111 2 5 4 9 22 89 96 14 1 0 1 82 59 16 20 5 25 14 11 4 0 0 1 26 47 23 4 0 0 4 38 83 30 14 9 4 9 17 23 41 0 0 2 8 19 25 23 1 , 1, 3, 5, 7, 8, 9, 11, 13, 16, 17, 19, 21, 24, 28, 30, 31, 33, 51, 53, 54, 57, 61, 65, 67, 71, 74, 75, 76, 78, 79, 86, 87, 89, 93, 101, 102, 104, 105, 111, 112, 113, 115, 117, 118, 119, 120, 135, 141, 144, 153, 154, 158, 159, 161, 162, 164, 166, 168, 179, 180, 181, 182, 184, 188, 190, 196, 202, 203, 205, 206, 208, 209, 212, 214, 223, 224, 231, 234, 235, 246, 247, 251, 253, 255, 256, 257, 258, 259, 266, 267, 269, 274, 275, 278, 279, 290, 291, 296, 305, 306, 307, 312, 321, 325, 327, 333, 335, 344, 355, 357, 358, 359, 367, 368, 373, 375, 380, 381, 384, 386, 387, 388, 389, 391, 392, 395, 400, 406, 410, 414, 417, 418, 426, 430, 434, 435, 443, 444, 448, 454, 459, 460, 462, 467, 474, 475, 481, 492, 500, 502, 515, 516, 520, 521, 522, 528, 534, 537, 544, 547, 548, 549, 552, 556, 558, 559, 576, 582, 585, 586, 590, 591, 593, 595, 596, 604, 609, 619, 620, 622, 636, 640, 641, 648, 649, 652, 653, 654, 655, 656, 660, 675, 689, 691, 692, 701, 705, 708, 709, 711, 716, 723, 725, 726, 727, 728, 730, 731, 732, 737, 738, 745, 746, 750, 754, 759, 765, 768, 775, 777, 778, 784, 785, 797, 802, 810, 829, 830, 831, 833, 838, 846, 853, 854, 856, 861, 867, 868, 874, 876, 877, 880, 882, 888, 890, 891, 895, 896, 899, 900, 901, 902, 903, 905, 906, 908, 912, 918, 921, 927, 928, 931, 934, 936, 937, 938, 946, 952, 956, 960, 961, 963, 964, 966, 968, 970, 972, 974, 975, 976, 985, 992, 993, 994, 1000, 1003, 1007, 1012, 1014, 1019, 1022, 1023, 1025, 1040, 1042, 1047, 1048, 1055, 1056, 1059, 1061, 1062, 1064, 1076, 1078, 1079, 1081, 1082, 1085, 1090, 1099, 1104, 1106, 1114, 1116, 1122, 1129, 1134, 1135, 1137, 1138, 1145, 1154, 1158, 1159, 1160, 1169, 1170, 1171, 1173, 1174, 1178, 1180, 1190, 1196, 1199, 1207, 1208, 1209, 1215, 1216, 1217, 1221, 1225, 1227, 1233, 1235, 1248, 1257, 1260, 1264, 1271, 1274, 1276, 1278, 1285, 1286, 1289, 1298, 1301, 1303, 1314, 1317, 1331, 1332, 1336, 1338, 1343, 1344, 1345, 1346, 1348, 1351, 1352, 1356, 1359, 1362, 1366, 1373, 1374, 1378, 1392, 1395, 1400, 1406, 1408, 1412, 1413, 1418, 1419, 1420, 1421, 1425, 1432, 1436, 1440, 1441, 1442, 1443, 1450, 1451, 1456, 1457, 1465, 1472, 1473, 1479, 1481, 1482, 1484, 1488, 1496, 1500, 1501, 1508, 1509, 1515, 1516, 1527, 1530, 1531, 1539, 1547, 1548, 1549, 1550, 1555, 1556, 1560, 1561, 1563, 1570, 1576, 1582, 1583, 1584, 1586, 1587, 1588, 1590, 1591, 1594, 1595, 1601, 1602, 1611, 1613, 1614, 1622, 1629, 1636, 1637, 1640, 1642, 1644, 1648, 1649, 1651, 1652, 1654, 1656, 1657, 1658, 1660, 1661, 1663, 1672, 1674, 1675, 1691, 1697, 1702, 1719, 1724, 1726, 1730, 1731, 1732, 1733, 1735, 1742, 1743, 1744, 1746, 1748, 1756, 1767, 1769, 1770, 1779, 1781, 1783, 1793, 1804, 1805, 1809, 1811, 1814, 1820, 1822, 1823, 1824, 1826, 1836, 1837, 1838, 1845, 1858, 1871, 1872, 1873, 1877, 1878, 1881, 1884, 1891, 1893, 1901, 1902, 1905, 1908, 1911, 1912, 1913, 1916, 1918, 1925, 1930, 1947, 1952, 1956, 1958, 1959, 1960, 1961, 1965, 1977, 1978, 1979, 2011, 2015, 2017, 2018, 2021, 2033, 2034, 2038, 2046, 2047, 2048, 2051, 2052, 2058, 2059, 2063, 2068, 2073, 2077, 2083, 2085, 2091, 2092, 2100, 2101, 2103, 2121, 2123, 2124, 2126, 2127, 2132, 2134, 2141, 2143, 2146, 2167, 2170, 2178, 2187, 2191, 2196, 2207, 2209, 2210, 2211, 2216, 2217, 2221, 2222, 2224, 2227, 2231, 2234, 2237, 2243, 2247, 2249, 2257, 2269, 2283, 2284, 2288, 2297, 2306, 2322, 2324, 2326, 2333, 2336, 2340, 2341, 2342, 2351, 2354, 2367, 2368, 2375, 2378, 2386, 2390, 2400, 2401, 2402, 2403, 2422, 2423, 2425, 2427, 2430, 2432, 2442, 2444, 2445, 2453, 2460, 2461, 2463, 2467, 2471, 2474, 2480, 2481, 2482, 2484, 2485, 2487, 2500, 2501, 2502, 2511, 2518, 2519, 2521, 2522, 2524, 2535, 2537, 2538, 2541, 2545, 2546, 2547, 2548, 2550, 2551, 2552, 2555, 2559, 2560, 2563, 2564, 2566, 2569, 2581, 2582, 2586, 2593, 2594, 2595, 2599, 2600, 2610, 2613, 2620, 2622, 2624, 2633, 2637, 2653, 2654, 2656, 2658, 2661, 2662, 2669, 2670, 2676, 2680, 2681, 2682, 2689, 2693, 2699, 2705, 2710, 2712, 2713, 2715, 2720, 2721, 2724, 2726, 2727, 2729, 2749, 2752, 2753, 2779, 2781, 2787, 2788, 2789, 2804, 2809, 2812, 2814, 2815, 2818, 2819, 2826, 2828, 2829, 2830, 2832, 2834, 2836, 2848, 2857, 2858, 2859, 2862, 2863, 2864, 2869, 2874, 2884, 2885, 2893, 2896, 2903, 2912, 2915, 2919, 2921, 2927, 2932, 2942, 2947, 2949, 2950, 2964, 2978, 2979, 2982, 2983, 2984, 2987, 2988, 2996, 3001, 3007, 3008, 3012, 3015, 3021, 3022, 3023, 3028, 3034, 3038, 3039, 3045, 3046, 3047, 3052, 3053, 3054, 3059, 3064, 3071, 3072, 3074, 3077, 3087, 3090, 3094, 3095, 3096, 3105, 3106, 3108, 3128, 3129, 3130, 3140, 3141, 3146, 3147, 3151, 3160, 3161, 3165, 3168, 3177, 3178, 3179, 3184, 3188, 3191, 3193, 3195, 3202, 3206, 3207, 3209, 3216, 3217, 3232, 3237, 3239, 3252, 3254, 3256, 3258, 3261, 3271, 3273, 3275, 3278, 3279, 3280, 3281, 3282, 3291, 3294, 3304, 3307, 3314, 3326, 3327, 3330, 3331, 3335, 3338, 3340, 3341, 3348, 3352, 3358, 3370, 3371, 3375, 3378, 3383, 3384, 3388, 3403, 3416, 3431, 3432, 3433, 3434, 3436, 3445, 3452, 3457, 3462, 3463, 3464, 3465, 3469, 3470, 3479, 3480, 3485, 3487, 3493, 3494, 3500, 3503, 3505, 3508, 3509, 3517, 3519, 3523, 3524, 3533, 3545, 3548, 3555, 3571, 3575, 3576, 3577, 3581, 3586, 3593, 3594, 3598, 3599, 3601, 3604, 3607, 3617, 3618, 3631, 3633, 3642, 3643, 3651, 3661, 3662, 3663, 3664, 3666, 3668, 3669, 3671, 3676, 3690, 3703, 3704, 3705, 3708, 3722, 3724, 3727, 3728, 3730, 3731, 3732, 3733, 3740, 3742, 3748, 3755, 3761, 3763, 3765, 3767, 3769, 3771, 3779, 3780, 3781, 3786, 3787, 3791, 3799, 3800, 3802, 3804, 3805, 3817, 3819, 3821, 3823, 3828, 3844, 3846, 3847, 3867, 3876, 3880, 3882, 3890, 3892, 3900, 3901, 3912, 3913, 3924, 3930, 3932, 3939, 3940, 3954, 3956, 3959, 3961, 3964, 3965, 3970, 3973, 3981, 3988, 3995, 4004, 4005, 4013, 4018, 4027, 4031, 4033, 4041, 4042, 4043, 4044, 4046, 4047, 4048, 4055, 4071, 4077, 4078, 4079, 4080, 4082, 4083, 4084, 4085, 4086, 4091, 4092, 4093, 4106, 4107, 4109, 4110, 4115, 4117, 4118, 4127, 4128, 4134, 4149, 4150, 4151, 4154, 4155, 4156, 4157, 4158, 4161, 4166, 4168, 4173, 4186, 4190, 4194, 4195, 4196, 4197, 4198, 4201, 4205, 4206, 4210, 4212, 4216, 4219, 4226, 4230, 4232, 4236, 4237, 4240, 4255, 4259, 4260, 4261, 4266, 4274, 4277, 4278, 4284, 4288, 4300, 4304, 4308, 4309, 4310, 4311, 4312, 4316, 4317, 4318, 4319, 4330, 4332, 4333, 4334, 4338, 4339, 4340, 4346, 4347, 4348, 4352, 4354, 4355, 4358, 4365, 4368, 4389, 4390, 4391, 4392, 4394, 4395, 4396, 4400, 4401, 4402, 4404, 4405, 4406, 4407, 4410, 4417, 4434, 4441, 4452, 4453, 4459, 4461, 4463, 4465, 4466, 4469, 4471, 4472, 4474, 4484, 4485, 4489, 4492, 4500, 4504, 4505, 4507, 4510, 4513, 4521, 4522, 4531, 4537, 4538, 4541, 4544, 4547, 4554, 4555, 4556, 4559, 4560, 4561, 4567, 4569, 4570, 4571, 4574, 4575, 4585, 4586, 4589, 4590, 4593, 4594, 4595, 4600, 4603, 4605, 4606, 4607, 4609, 4614, 4615, 4616, 4618, 4623, 4624, 4625, 4630, 4632, 4634, 4636, 4639, 4640, 4641, 4646, 4647, 4656, 4657, 4659, 4660, 4664, 4666, 4668, 4669, 4670, 4677, 4680, 4681, 4683, 4688, 4690, 4692, 4698, 4700, 4701, 4705, 4706, 4709, 4710, 4711, 4712, 4713, 4714, 4716, 4718, 4720, 4722, 4725, 4726, 4727, 4730, 4731, 4734, 4736, 4737, 4738, 4739, 4741, 4742, 4745, 4750, 4752, 4753, 4755, 4758, 4761, 4763, 4764, 4765, 4766, 4767, 4769, 4770, 4774, 4776, 4777, 4780, 4781, 4784, 4786, 4790, 4791, 4804, 4808, 4813, 4817, 4819, 4823, 4824, 4826, 4827, 4829, 4831, 4832, 4833, 4835, 4836, 4840, 4841, 4847, 4850, 4853, 4855, 4856, 4857, 4863, 4864, 4867, 4868, 4871, 4873, 4874, 4875, 4879, 4880, 4884, 4885, 4887, 4888, 4889, 4890, 4891, 4893, 4897, 4898, 4899, 4901, 4902, 4905, 4906, 4907, 4909, 4910, 4912, 4914, 4915, 4917, 4925, 4927, 4928, 4929, 4930, 4931, 4933, 4945, 4950, 4952, 4953, 4957, 4959, 4962, 4963, 4965, 4970, 4971, 4972, 4976, 4979, 4982, 4985, 4986, 4987, 4988, 4989, 4991, 4992, 4993, 4996, 5001, 5003, 5004, 5006, 5007, 5008, 5010, 5013, 5014, 5016, 5018, 5022, 5025, 5026, 5027, 5028, 5030, 5031, 5032, 5034, 5037, 5040, 5043, 5044, 5046, 5047, 5051, 5053, 5056, 5057, 5061, 5064, 5069, 5070, 5071, 5072, 5073, 5074, 5076, 5077, 5079, 5083, 5084, 5087, 5088, 5089, 5091, 5092, 5096, 5101, 5103, 5107, 5113, 5114, 5121, 5125, 5129, 5132, 5134, 5137, 5147, 5155, 5156, 5157, 5159, 5164, 5165, 5167, 5169, 5170, 5174, 5176, 5177, 5180, 5187, 5196, 5200, 5205, 5209, 5210, 5213, 5215, 5216, 5217, 5219, 5221, 5226, 5230, 5233, 5237, 5240, 5242, 5244, 5245, 5246, 5247, 5250, 5252, 5254, 5257, 5260, 5261, 5265, 5268, 5280, 5289, 5294, 5295, 5297, 5298, 5300, 5301, 5302, 5304, 5312, 5320, 5321, 5327, 5329, 5331, 5333, 5336, 5339, 5340, 5343, 5344, 5352, 5354, 5355, 5361, 5364, 5366, 5368, 5370, 5371, 5372, 5373, 5374, 5379, 5382, 5386, 5390, 5397, 5402, 5405, 5406, 5408, 5414, 5418, 5420, 5424, 5425, 5431, 5433, 5436, 5437, 5438, 5440, 5442, 5449, 5454, 5457, 5458, 5461, 5462, 5464, 5468, 5470, 5471, 5476, 5483, 5487, 5489, 5493, 5510, 5519, 5524, 5527, 5528, 5530, 5531, 5532, 5540, 5543, 5544, 5550, 5555, 5558, 5559, 5560, 5567, 5569, 5572, 5576, 5577, 5580, 5587, 5588, 5589, 5592, 5595, 5602, 5605, 5610, 5612, 5615, 5619, 5622, 5625, 5626, 5633, 5635, 5639, 5640, 5645, 5649, 5651, 5652, 5669, 5674, 5675, 5682, 5684, 5687, 5695, 5698, 5701, 5702, 5707, 5711, 5712, 5718, 5720, 5721, 5730, 5732, 5733, 5735, 5737, 5741, 5745, 5747, 5748, 5750, 5754, 5759, 5761, 5771, 5772, 5774, 5776, 5778, 5788, 5790, 5792, 5795, 5799, 5808, 5811, 5821, 5822, 5823, 5827, 5832, 5834, 5836, 5849, 5850, 5855, 5860, 5863, 5865, 5866, 5872, 5879, 5883, 5885, 5886, 5887, 5888, 5889, 5895, 5896, 5898, 5899, 5912, 5914, 5916, 5921, 5925, 5930, 5936, 5937, 5939, 5940, 5943, 5944, 5947, 5948, 5950, 5958, 5960, 5964, 5965, 5970, 5977, 5979, 5980, 5981, 5985, 5989, 5991, 5993, 6006, 6017, 6024, 6026, 6028, 6029, 6031, 6035, 6041, 6048, 6049, 6051, 6057, 6068, 6077, 6086, 6103, 6105, 6107, 6108, 6109, 6117, 6119, 6120, 6123, 6126, 6129, 6132, 6135, 6136, 6137, 6142, 6148, 6151, 6162, 6163, 6165, 6169, 6173, 6176, 6180, 6181, 6187, 6192, 6201, 6202, 6206, 6219, 6223, 6226, 6234, 6238, 6239, 6240, 6241, 6243, 6259, 6262, 6268, 6273, 6274, 6276, 6278, 6280, 6290, 6293, 6298, 6299, 6300, 6309, 6310, 6315, 6319, 6320, 6321, 6323, 6325, 6329, 6331, 6339, 6342, 6343, 6348, 6350, 6355, 6361, 6363, 6365, 6366, 6367, 6369, 6382, 6383, 6389, 6390, 6391, 6398, 6399, 6403, 6404, 6407, 6409, 6413, 6423, 6424, 6426, 6428, 6429, 6432, 6436, 6438, 6440, 6447, 6448, 6449, 6452, 6453, 6471, 6477, 6478, 6485, 6488, 6490, 6492, 6497, 6505, 6506, 6508, 6518, 6524, 6525, 6532, 6544, 6547, 6549, 6556, 6557, 6558, 6560, 6562, 6563, 6565, 6583, 6591, 6595, 6597, 6602, 6604, 6607, 6608, 6610, 6611, 6616, 6618, 6620, 6621, 6625, 6628, 6633, 6635, 6642, 6643, 6645, 6648, 6658, 6665, 6681, 6690, 6694, 6695, 6703, 6714, 6715, 6717, 6726, 6732, 6736, 6737, 6738, 6742, 6744, 6746, 6753, 6758, 6759, 6771, 6774, 6779, 6781, 6785, 6787, 6795, 6796, 6797, 6806, 6811, 6814, 6816, 6817, 6822, 6823, 6825, 6827, 6839, 6840, 6847, 6849, 6851, 6866, 6869, 6872, 6875, 6877, 6883, 6885, 6886, 6887, 6903, 6904, 6907, 6910, 6911, 6915, 6917, 6920, 6923, 6924, 6926, 6930, 6939, 6950, 6952, 6955, 6957, 6959, 6960, 6963, 6964, 6975, 6976, 6980, 6986, 6987, 6989, 6991, 6996, 7000, 7002, 7004, 7006, 7008, 7015, 7024, 7028, 7033, 7036, 7041, 7046, 7048, 7053, 7072, 7078, 7082, 7094, 7100, 7101, 7112, 7113, 7118, 7126, 7128, 7134, 7137, 7146, 7147, 7148, 7149, 7153, 7154, 7155, 7156, 7158, 7159, 7165, 7166, 7167, 7177, 7187, 7200, 7201, 7207, 7211, 7217, 7218, 7222, 7248, 7252, 7256, 7257, 7262, 7263, 7269, 7286, 7291, 7292, 7298, 7308, 7311, 7312, 7329, 7330, 7338, 7344, 7346, 7352, 7363, 7364, 7372, 7373, 7398, 7400, 7401, 7409, 7411, 7415, 7417, 7418, 7420, 7423, 7427, 7430, 7432, 7434, 7435, 7436, 7437, 7442, 7447, 7448, 7449, 7450, 7451, 7457, 7459, 7463, 7465, 7466, 7469, 7475, 7476, 7479, 7481, 7482, 7484, 7486, 7488, 7493, 7494, 7498, 7499, 7502, 7503, 7509, 7510, 7511, 7513, 7517, 7533, 7545, 7551, 7554, 7559, 7562, 7570, 7577, 7579, 7580, 7582, 7589, 7592, 7599, 7602, 7604, 7605, 7611, 7614, 7617, 7619, 7631, 7638, 7639, 7654, 7663, 7664, 7665, 7668, 7672, 7675, 7677, 7678, 7680, 7682, 7689, 7691, 7695, 7699, 7700, 7701, 7709, 7717, 7720, 7721, 7724, 7734, 7737, 7738, 7741, 7749, 7750, 7751, 7758, 7762, 7764, 7765, 7767, 7773, 7775, 7779, 7783, 7784, 7787, 7789, 7794, 7813, 7818, 7820, 7829, 7835, 7840, 7865, 7866, 7868, 7869, 7870, 7871, 7875, 7877, 7891, 7899, 7911, 7920, 7932, 7936, 7939, 7940, 7944, 7947, 7948, 7950, 7960, 7963, 7965, 7974, 7981, 7983, 7989, 7990, 7995, 7996, 7997, 7999, 8003, 8016, 8019, 8030, 8031, 8033, 8038, 8042, 8047, 8049, 8050, 8052, 8054, 8058, 8059, 8061, 8062, 8068, 8071, 8073, 8075, 8078, 8084, 8088, 8092, 8095, 8097, 8099, 8101, 8102, 8106, 8111, 8119, 8122, 8126, 8130, 8131, 8132, 8136, 8138, 8141, 8142, 8146, 8152, 8171, 8172, 8173, 8175, 8177, 8178, 8181, 8183, 8184, 8187, 8196, 8200, 8215, 8216, 8218, 8225, 8230, 8231, 8234, 8245, 8253, 8254, 8256, 8262, 8263, 8264, 8266, 8268, 8271, 8276, 8286, 8287, 8299, 8301, 8303, 8308, 8310, 8311, 8328, 8330, 8331, 8332, 8334, 8336, 8349, 8354, 8363, 8364, 8373, 8376, 8380, 8381, 8383, 8389, 8393, 8398, 8402, 8410, 8417, 8418, 8419, 8436, 8439, 8442, 8443, 8451, 8458, 8460, 8465, 8466, 8467, 8468, 8470, 8471, 8477, 8501, 8504, 8506, 8507, 8521, 8527, 8539, 8540, 8542, 8550, 8551, 8552, 8553, 8557, 8558, 8561, 8564, 8565, 8568, 8569, 8577, 8578, 8581, 8588, 8589, 8591, 8597, 8600, 8605, 8610, 8618, 8630, 8631, 8633, 8638, 8641, 8650, 8655, 8660, 8662, 8663, 8664, 8673, 8677, 8679, 8685, 8695, 8699, 8705, 8707, 8708, 8712, 8723, 8724, 8725, 8737, 8738, 8745, 8747, 8751, 8756, 8757, 8758, 8759, 8761, 8762, 8764, 8765, 8780, 8785, 8786, 8787, 8790, 8798, 8803, 8811, 8816, 8818, 8820, 8826, 8827, 8828, 8833, 8839, 8852, 8853, 8855, 8856, 8873, 8875, 8878, 8880, 8881, 8883, 8884, 8885, 8891, 8894, 8896, 8898, 8901, 8902, 8912, 8913, 8916, 8919, 8923, 8927, 8936, 8943, 8946, 8949, 8951, 8958, 8965, 8973, 8974, 8976, 8977, 8978, 8983, 8984, 8986, 8987, 8989, 8997, 9003, 9004, 9006, 9007, 9010, 9014, 9017, 9018, 9019, 9024, 9026, 9035, 9040, 9041, 9045, 9047, 9048, 9055, 9058, 9061, 9062, 9063, 9068, 9074, 9079, 9087, 9095, 9096, 9102, 9103, 9106, 9107, 9109, 9110, 9118, 9122, 9134, 9136, 9142, 9145, 9153, 9157, 9166, 9171, 9172, 9182, 9187, 9188, 9191, 9195, 9208, 9210, 9211, 9216, 9217, 9220, 9231, 9232, 9242, 9243, 9244, 9247, 9253, 9257, 9258, 9259, 9266, 9267, 9270, 9271, 9287, 9288, 9293, 9298, 9299, 9307, 9308, 9310, 9312, 9314, 9317, 9319, 9321, 9325, 9337, 9342, 9350, 9355, 9356, 9357, 9358, 9366, 9383, 9386, 9397, 9400, 9401, 9414, 9415, 9416, 9417, 9418, 9420, 9432, 9458, 9459, 9464, 9466, 9474, 9481, 9483, 9487, 9488, 9495, 9499, 9505, 9512, 9518, 9529, 9560, 9563, 9570, 9590, 9597, 9602, 9625, 9629, 9696, 9697, 9699, 9700, 9701, 9708, 9721, 9728, 9729, 9748, 9751, 9752, 9767, 9770, 9773, 9774, 9789, 9790, 9792, 9797, 9798, 9800, 9809, 9818, 9841, 9846, 9848, 9854, 9856, 9859, 9863, 9868, 9871, 9872, 9876, 9881, 9882, 9884, 9885, 9890, 9892, 9894, 9896, 9910, 9913, 9919, 9922, 9939, 9946, 9948, 9951, 9953, 9956, 9960, 9973, 9976, 9980, 9987, 9993, 9997}

Cluster-2 {centroid: 105 4 0 0 0 0 3 47 84 4 2 27 18 16 6 23 1 1 1 99 135 3 0 0 2 2 0 14 66 1 0 0 134 1 0 0 0 0 8 86 135 45 1 3 6 23 17 59 16 23 4 53 135 18 1 1 1 16 23 24 116 2 0 0 135 21 0 0 1 1 1 21 135 63 0 0 8 28 31 19 7 8 1 3 135 104 17 2 12 11 11 10 75 7 0 1 120 11 0 0 0 0 1 15 83 9 0 0 2 30 34 31 0 0 2 17 108 25 10 4 3 4 7 15 31 5 0 0 , 9941, 64, 324, 473, 710, 712, 764, 771, 794, 869, 953, 973, 1077, 1080, 1119, 1223, 1365, 1387, 1438, 1604, 1721, 1829, 1932, 1933, 1951, 1976, 2094, 2323, 2488, 2668, 2854, 2931, 2955, 2956, 3004, 3255, 3260, 3274, 3306, 3648, 3659, 3691, 3750, 3776, 3782, 3860, 3861, 3922, 3938, 4111, 4121, 4189, 4227, 4228, 4335, 4350, 4440, 4782, 4843, 4941, 5131, 5136, 5194, 5195, 5316, 5413, 5838, 5848, 5897, 5938, 6059, 6060, 6134, 6270, 6279, 6341, 6352, 6454, 6462, 6463, 6548, 6551, 6603, 6617, 6707, 6716, 6719, 6878, 6879, 6956, 6995, 7045, 7143, 7144, 7152, 7169, 7205, 7206, 7214, 7224, 7241, 7280, 7324, 7381, 7428, 7454, 7455, 7473, 7500, 7501, 7504, 7516, 7522, 7523, 7529, 7530, 7563, 7567, 7568, 7571, 7618, 7640, 7641, 7644, 7674, 7731, 7732, 7802, 7803, 7811, 7867, 7884, 7909, 7912, 7922, 7923, 7982, 8066, 8249, 8369, 8370, 8394, 8395, 8401, 8450, 8563, 8579, 8580, 8593, 8594, 8632, 8635, 8636, 8642, 8703, 8713, 8760, 8784, 8851, 8872, 8882, 8897, 8904, 8980, 8985, 9011, 9032, 9036, 9051, 9052, 9054, 9077, 9078, 9146, 9147, 9165, 9173, 9174, 9181, 9221, 9241, 9255, 9256, 9339, 9353, 9365, 9377, 9378, 9387, 9431, 9441, 9482, 9513, 9905, 9942, 9943, 9944, 9945, 9975, 9994}

Cluster-3 {centroid: 41 50 19 2 1 0 0 4 63 62 90 39 7 8 9 29 17 5 42 73 74 80 18 18 1 0 5 25 19 8 2 2 86 13 1 1 3 1 6 75 127 37 45 34 3 0 16 98 26 10 105 127 51 19 16 2 2 8 72 127 60 12 9 1 37 3 0 0 0 2 6 32 127 9 0 0 0 24 96 127 15 0 3 14 15 127 127 17 3 2 22 28 15 82 109 38 1 1 1 9 8 10 4 3 5 2 1 0 0 14 78 45 1 8 2 0 0 44 70 5 0 4 3 3 2 8 14 2 , 4983, 2, 4, 6, 10, 12, 14, 15, 18, 20, 22, 29, 32, 34, 52, 55, 56, 58, 59, 60, 62, 63, 66, 70, 72, 73, 80, 83, 90, 91, 92, 106, 114, 116, 142, 143, 160, 163, 165, 167, 169, 176, 183, 187, 197, 199, 204, 207, 213, 215, 221, 222, 236, 237, 238, 242, 243, 248, 252, 254, 268, 270, 280, 292, 295, 297, 298, 308, 309, 313, 326, 332, 334, 336, 343, 352, 353, 354, 356, 360, 366, 374, 378, 379, 385, 396, 399, 405, 411, 415, 416, 425, 427, 432, 433, 442, 447, 455, 456, 457, 458, 461, 476, 482, 491, 499, 501, 512, 513, 514, 519, 529, 535, 546, 550, 551, 553, 554, 555, 557, 562, 563, 573, 575, 577, 581, 589, 592, 594, 597, 605, 608, 621, 623, 624, 633, 634, 635, 637, 650, 651, 658, 659, 679, 683, 690, 693, 702, 706, 715, 719, 720, 729, 733, 751, 752, 753, 760, 766, 767, 776, 779, 798, 803, 809, 811, 814, 815, 821, 825, 828, 832, 837, 852, 855, 857, 865, 866, 872, 873, 875, 878, 879, 881, 889, 892, 893, 894, 904, 907, 909, 911, 919, 922, 932, 935, 945, 951, 957, 959, 962, 967, 969, 971, 977, 986, 987, 1001, 1002, 1004, 1008, 1009, 1010, 1011, 1015, 1020, 1021, 1024, 1026, 1041, 1043, 1044, 1049, 1057, 1060, 1067, 1068, 1083, 1084, 1089, 1105, 1107, 1115, 1123, 1124, 1136, 1146, 1153, 1161, 1172, 1179, 1181, 1191, 1197, 1198, 1210, 1214, 1218, 1222, 1224, 1226, 1232, 1234, 1252, 1253, 1258, 1259, 1261, 1263, 1265, 1268, 1270, 1275, 1277, 1279, 1290, 1297, 1299, 1300, 1304, 1305, 1315, 1321, 1322, 1330, 1337, 1339, 1349, 1350, 1357, 1358, 1360, 1361, 1372, 1375, 1376, 1377, 1380, 1381, 1393, 1394, 1396, 1397, 1398, 1399, 1405, 1407, 1409, 1410, 1411, 1414, 1422, 1423, 1424, 1426, 1435, 1437, 1452, 1466, 1467, 1474, 1478, 1483, 1512, 1525, 1526, 1528, 1529, 1540, 1543, 1546, 1551, 1562, 1568, 1569, 1571, 1577, 1580, 1585, 1589, 1592, 1593, 1596, 1612, 1623, 1630, 1631, 1638, 1639, 1641, 1643, 1645, 1650, 1653, 1655, 1659, 1662, 1671, 1673, 1676, 1682, 1692, 1693, 1698, 1703, 1718, 1720, 1722, 1723, 1725, 1727, 1734, 1745, 1747, 1749, 1750, 1755, 1766, 1768, 1771, 1780, 1782, 1790, 1791, 1792, 1798, 1799, 1810, 1815, 1818, 1819, 1821, 1827, 1828, 1839, 1851, 1859, 1860, 1861, 1862, 1865, 1876, 1879, 1882, 1883, 1889, 1890, 1892, 1903, 1904, 1909, 1910, 1914, 1915, 1920, 1923, 1924, 1926, 1946, 1953, 1957, 1962, 1966, 1969, 1980, 1995, 2008, 2009, 2010, 2012, 2013, 2014, 2028, 2032, 2035, 2049, 2050, 2071, 2072, 2076, 2084, 2086, 2093, 2095, 2099, 2102, 2122, 2133, 2135, 2136, 2142, 2147, 2156, 2157, 2168, 2171, 2179, 2185, 2186, 2189, 2195, 2197, 2208, 2218, 2223, 2225, 2226, 2228, 2230, 2236, 2240, 2244, 2248, 2252, 2253, 2256, 2258, 2267, 2270, 2276, 2289, 2291, 2292, 2298, 2299, 2317, 2318, 2325, 2327, 2332, 2334, 2335, 2339, 2343, 2344, 2360, 2365, 2366, 2387, 2388, 2394, 2404, 2424, 2426, 2428, 2429, 2433, 2443, 2454, 2462, 2468, 2483, 2486, 2512, 2520, 2523, 2529, 2536, 2542, 2549, 2553, 2556, 2557, 2558, 2561, 2573, 2587, 2592, 2596, 2597, 2598, 2601, 2609, 2611, 2612, 2615, 2616, 2621, 2623, 2632, 2638, 2641, 2655, 2657, 2659, 2660, 2663, 2671, 2688, 2692, 2698, 2704, 2708, 2709, 2714, 2725, 2758, 2768, 2769, 2772, 2778, 2780, 2790, 2791, 2800, 2803, 2810, 2813, 2827, 2831, 2833, 2835, 2837, 2839, 2847, 2855, 2861, 2865, 2866, 2870, 2873, 2875, 2877, 2892, 2894, 2895, 2897, 2904, 2905, 2911, 2913, 2916, 2917, 2918, 2920, 2926, 2941, 2948, 2951, 2952, 2957, 2980, 2981, 2985, 2989, 2994, 2997, 2998, 2999, 3000, 3011, 3016, 3019, 3031, 3032, 3033, 3035, 3036, 3037, 3040, 3049, 3050, 3051, 3055, 3058, 3073, 3083, 3086, 3088, 3089, 3091, 3092, 3093, 3104, 3107, 3164, 3169, 3176, 3185, 3189, 3192, 3194, 3203, 3208, 3210, 3213, 3214, 3218, 3227, 3233, 3236, 3240, 3246, 3251, 3253, 3257, 3259, 3265, 3311, 3312, 3323, 3324, 3333, 3334, 3339, 3349, 3353, 3359, 3369, 3372, 3373, 3374, 3376, 3377, 3385, 3389, 3404, 3408, 3421, 3424, 3435, 3439, 3440, 3446, 3447, 3466, 3468, 3484, 3486, 3488, 3497, 3501, 3502, 3504, 3518, 3520, 3525, 3532, 3542, 3543, 3546, 3547, 3556, 3564, 3565, 3566, 3570, 3572, 3580, 3585, 3587, 3595, 3596, 3600, 3602, 3603, 3608, 3623, 3632, 3640, 3641, 3644, 3652, 3658, 3665, 3667, 3670, 3672, 3673, 3674, 3675, 3689, 3701, 3702, 3706, 3707, 3709, 3719, 3723, 3726, 3729, 3739, 3749, 3756, 3757, 3758, 3764, 3766, 3768, 3772, 3775, 3792, 3801, 3803, 3818, 3820, 3822, 3824, 3825, 3831, 3845, 3848, 3866, 3871, 3877, 3925, 3928, 3931, 3937, 3941, 3946, 3957, 3960, 3962, 3963, 3974, 3979, 3980, 3984, 3985, 3987, 3989, 4006, 4012, 4017, 4030, 4032, 4036, 4040, 4054, 4072, 4081, 4087, 4094, 4108, 4114, 4116, 4122, 4135, 4148, 4152, 4162, 4167, 4187, 4191, 4199, 4204, 4207, 4211, 4213, 4222, 4225, 4229, 4233, 4241, 4258, 4267, 4268, 4275, 4279, 4282, 4283, 4303, 4305, 4313, 4314, 4328, 4329, 4331, 4341, 4345, 4349, 4353, 4359, 4366, 4369, 4393, 4403, 4408, 4409, 4411, 4418, 4433, 4435, 4454, 4458, 4460, 4462, 4464, 4470, 4473, 4475, 4477, 4478, 4479, 4480, 4481, 4490, 4491, 4493, 4496, 4497, 4499, 4501, 4506, 4508, 4509, 4511, 4512, 4519, 4520, 4532, 4535, 4536, 4539, 4540, 4542, 4543, 4546, 4548, 4549, 4553, 4557, 4558, 4562, 4563, 4566, 4568, 4572, 4573, 4576, 4577, 4578, 4582, 4583, 4584, 4587, 4588, 4591, 4592, 4596, 4597, 4601, 4602, 4604, 4608, 4610, 4617, 4621, 4622, 4626, 4627, 4628, 4631, 4633, 4635, 4637, 4638, 4642, 4648, 4651, 4652, 4655, 4658, 4661, 4662, 4663, 4665, 4667, 4671, 4672, 4673, 4674, 4675, 4676, 4678, 4679, 4682, 4684, 4685, 4686, 4689, 4691, 4693, 4694, 4695, 4699, 4702, 4703, 4704, 4707, 4708, 4715, 4717, 4719, 4721, 4728, 4729, 4735, 4740, 4743, 4744, 4749, 4754, 4756, 4757, 4762, 4768, 4771, 4778, 4779, 4783, 4785, 4787, 4788, 4789, 4792, 4793, 4794, 4795, 4796, 4797, 4798, 4803, 4805, 4806, 4807, 4809, 4811, 4812, 4814, 4818, 4820, 4821, 4822, 4828, 4830, 4834, 4837, 4842, 4844, 4845, 4846, 4848, 4849, 4851, 4852, 4854, 4858, 4861, 4862, 4865, 4866, 4872, 4876, 4877, 4878, 4881, 4882, 4886, 4892, 4894, 4900, 4903, 4904, 4908, 4911, 4916, 4918, 4919, 4926, 4932, 4934, 4935, 4940, 4942, 4943, 4946, 4947, 4948, 4949, 4951, 4954, 4958, 4960, 4961, 4964, 4966, 4969, 4973, 4974, 4977, 4978, 4981, 4990, 4994, 4995, 4997, 5000, 5002, 5005, 5009, 5011, 5012, 5015, 5017, 5019, 5023, 5024, 5029, 5033, 5042, 5045, 5048, 5052, 5054, 5055, 5058, 5062, 5063, 5065, 5068, 5075, 5078, 5085, 5086, 5090, 5093, 5097, 5102, 5104, 5108, 5109, 5111, 5112, 5117, 5118, 5122, 5123, 5124, 5128, 5130, 5133, 5135, 5138, 5139, 5140, 5143, 5144, 5145, 5146, 5148, 5150, 5154, 5158, 5160, 5161, 5162, 5163, 5166, 5168, 5171, 5172, 5173, 5178, 5179, 5183, 5184, 5197, 5198, 5201, 5206, 5207, 5208, 5214, 5218, 5220, 5222, 5224, 5225, 5229, 5234, 5235, 5236, 5238, 5241, 5243, 5248, 5249, 5251, 5253, 5258, 5264, 5266, 5267, 5273, 5274, 5279, 5281, 5282, 5283, 5286, 5287, 5288, 5290, 5293, 5296, 5303, 5311, 5322, 5325, 5326, 5328, 5330, 5332, 5334, 5335, 5337, 5338, 5342, 5345, 5346, 5350, 5351, 5353, 5357, 5358, 5362, 5363, 5365, 5369, 5380, 5381, 5387, 5388, 5389, 5391, 5396, 5398, 5399, 5403, 5404, 5407, 5409, 5412, 5415, 5416, 5419, 5422, 5426, 5427, 5428, 5430, 5432, 5434, 5435, 5439, 5441, 5452, 5453, 5455, 5459, 5460, 5463, 5465, 5469, 5477, 5478, 5479, 5482, 5484, 5485, 5486, 5488, 5492, 5494, 5495, 5497, 5501, 5502, 5503, 5504, 5511, 5512, 5513, 5515, 5516, 5520, 5521, 5522, 5523, 5525, 5526, 5529, 5533, 5534, 5535, 5541, 5542, 5546, 5547, 5549, 5551, 5554, 5556, 5557, 5561, 5562, 5568, 5571, 5573, 5578, 5579, 5586, 5593, 5594, 5596, 5597, 5606, 5609, 5611, 5613, 5614, 5616, 5620, 5621, 5627, 5628, 5629, 5630, 5634, 5636, 5641, 5643, 5644, 5646, 5647, 5648, 5650, 5653, 5654, 5664, 5665, 5667, 5670, 5673, 5676, 5683, 5691, 5697, 5703, 5704, 5710, 5713, 5714, 5715, 5716, 5717, 5719, 5729, 5731, 5734, 5738, 5742, 5744, 5746, 5749, 5751, 5755, 5757, 5758, 5760, 5762, 5768, 5769, 5770, 5773, 5775, 5777, 5779, 5783, 5784, 5785, 5786, 5787, 5789, 5791, 5796, 5803, 5804, 5805, 5806, 5807, 5812, 5820, 5824, 5828, 5833, 5835, 5837, 5847, 5851, 5856, 5859, 5861, 5862, 5864, 5871, 5873, 5878, 5880, 5884, 5900, 5903, 5904, 5905, 5906, 5908, 5909, 5910, 5911, 5913, 5917, 5922, 5926, 5941, 5942, 5945, 5946, 5949, 5951, 5956, 5957, 5959, 5961, 5963, 5966, 5969, 5971, 5978, 5986, 5990, 5992, 5994, 5997, 5998, 6007, 6008, 6009, 6014, 6015, 6016, 6021, 6025, 6027, 6030, 6032, 6033, 6034, 6036, 6042, 6046, 6047, 6050, 6052, 6058, 6063, 6066, 6069, 6076, 6084, 6085, 6088, 6089, 6090, 6091, 6096, 6097, 6104, 6106, 6110, 6118, 6124, 6125, 6130, 6131, 6133, 6138, 6143, 6144, 6145, 6149, 6150, 6164, 6170, 6171, 6172, 6177, 6182, 6188, 6193, 6200, 6203, 6215, 6216, 6217, 6218, 6222, 6227, 6230, 6231, 6233, 6235, 6236, 6237, 6248, 6249, 6251, 6254, 6255, 6260, 6261, 6263, 6264, 6265, 6266, 6267, 6269, 6271, 6272, 6275, 6277, 6289, 6294, 6301, 6302, 6303, 6304, 6305, 6306, 6307, 6308, 6311, 6322, 6324, 6328, 6330, 6332, 6335, 6336, 6340, 6344, 6347, 6349, 6351, 6353, 6354, 6356, 6362, 6364, 6371, 6372, 6373, 6378, 6379, 6380, 6381, 6384, 6388, 6401, 6402, 6405, 6408, 6410, 6414, 6415, 6416, 6417, 6420, 6425, 6430, 6431, 6434, 6435, 6437, 6439, 6441, 6456, 6457, 6473, 6476, 6479, 6489, 6491, 6493, 6498, 6501, 6502, 6503, 6504, 6507, 6509, 6510, 6511, 6521, 6526, 6527, 6528, 6529, 6545, 6546, 6552, 6553, 6554, 6555, 6559, 6561, 6566, 6567, 6578, 6579, 6582, 6584, 6585, 6588, 6589, 6596, 6598, 6605, 6606, 6609, 6619, 6622, 6626, 6632, 6634, 6641, 6644, 6656, 6657, 6661, 6662, 6666, 6680, 6682, 6684, 6691, 6696, 6701, 6702, 6704, 6718, 6722, 6727, 6733, 6735, 6739, 6740, 6741, 6743, 6745, 6747, 6748, 6750, 6754, 6755, 6756, 6757, 6766, 6772, 6773, 6780, 6782, 6784, 6786, 6788, 6789, 6801, 6802, 6803, 6804, 6805, 6812, 6813, 6815, 6824, 6826, 6828, 6848, 6852, 6853, 6854, 6867, 6868, 6870, 6871, 6873, 6874, 6876, 6884, 6888, 6889, 6892, 6895, 6896, 6899, 6906, 6908, 6909, 6912, 6916, 6918, 6919, 6925, 6927, 6931, 6932, 6933, 6934, 6937, 6938, 6940, 6943, 6944, 6951, 6953, 6954, 6958, 6961, 6977, 6981, 6985, 6988, 6990, 6994, 6997, 7001, 7003, 7005, 7007, 7018, 7019, 7020, 7023, 7025, 7026, 7029, 7032, 7040, 7042, 7047, 7049, 7050, 7051, 7054, 7059, 7060, 7073, 7079, 7083, 7095, 7109, 7121, 7124, 7125, 7127, 7135, 7136, 7138, 7139, 7140, 7145, 7150, 7157, 7160, 7168, 7182, 7183, 7184, 7188, 7191, 7192, 7193, 7204, 7208, 7210, 7216, 7219, 7223, 7236, 7237, 7238, 7242, 7253, 7258, 7259, 7260, 7261, 7264, 7265, 7268, 7270, 7279, 7288, 7302, 7303, 7309, 7310, 7327, 7328, 7331, 7332, 7339, 7345, 7347, 7348, 7351, 7355, 7360, 7362, 7365, 7374, 7382, 7386, 7387, 7388, 7399, 7402, 7410, 7412, 7413, 7414, 7416, 7419, 7421, 7422, 7429, 7431, 7443, 7444, 7456, 7458, 7464, 7467, 7468, 7472, 7474, 7477, 7478, 7480, 7483, 7485, 7487, 7491, 7495, 7496, 7497, 7512, 7514, 7515, 7518, 7519, 7541, 7543, 7544, 7546, 7549, 7550, 7556, 7561, 7564, 7565, 7566, 7573, 7574, 7575, 7578, 7581, 7583, 7585, 7586, 7590, 7593, 7594, 7598, 7603, 7606, 7607, 7612, 7615, 7616, 7642, 7643, 7647, 7649, 7655, 7673, 7676, 7679, 7687, 7688, 7690, 7696, 7697, 7698, 7707, 7708, 7723, 7725, 7726, 7733, 7736, 7739, 7740, 7744, 7745, 7748, 7753, 7754, 7759, 7763, 7766, 7772, 7778, 7780, 7782, 7785, 7788, 7790, 7795, 7798, 7799, 7801, 7804, 7805, 7806, 7807, 7808, 7812, 7816, 7817, 7819, 7821, 7822, 7823, 7843, 7844, 7845, 7850, 7851, 7854, 7858, 7859, 7860, 7861, 7876, 7878, 7882, 7885, 7886, 7887, 7905, 7906, 7907, 7908, 7910, 7921, 7924, 7925, 7927, 7928, 7933, 7938, 7941, 7945, 7946, 7949, 7956, 7961, 7964, 7966, 7967, 7972, 7973, 7975, 7976, 7994, 7998, 8000, 8004, 8005, 8006, 8020, 8024, 8025, 8026, 8029, 8032, 8034, 8035, 8036, 8037, 8039, 8040, 8041, 8048, 8051, 8053, 8055, 8060, 8063, 8072, 8076, 8077, 8079, 8083, 8089, 8093, 8094, 8096, 8098, 8100, 8103, 8105, 8109, 8110, 8112, 8120, 8121, 8123, 8127, 8133, 8137, 8147, 8153, 8156, 8159, 8160, 8163, 8168, 8169, 8170, 8174, 8176, 8179, 8180, 8182, 8186, 8188, 8189, 8190, 8191, 8197, 8198, 8201, 8210, 8217, 8223, 8226, 8227, 8240, 8243, 8244, 8246, 8255, 8257, 8261, 8265, 8267, 8269, 8273, 8277, 8280, 8288, 8291, 8300, 8302, 8309, 8319, 8327, 8329, 8333, 8335, 8337, 8338, 8339, 8340, 8341, 8342, 8343, 8355, 8356, 8357, 8358, 8359, 8365, 8374, 8375, 8377, 8382, 8392, 8396, 8399, 8403, 8404, 8407, 8414, 8415, 8416, 8420, 8440, 8444, 8445, 8452, 8453, 8455, 8459, 8469, 8472, 8474, 8475, 8476, 8481, 8482, 8493, 8497, 8498, 8500, 8502, 8503, 8505, 8517, 8519, 8520, 8523, 8528, 8534, 8541, 8554, 8556, 8562, 8566, 8567, 8576, 8587, 8590, 8592, 8598, 8599, 8606, 8609, 8612, 8613, 8619, 8622, 8623, 8624, 8634, 8639, 8645, 8646, 8647, 8649, 8651, 8661, 8665, 8672, 8678, 8680, 8682, 8683, 8684, 8696, 8697, 8698, 8700, 8704, 8714, 8715, 8719, 8721, 8722, 8726, 8730, 8733, 8734, 8739, 8742, 8746, 8748, 8755, 8763, 8770, 8771, 8777, 8778, 8779, 8783, 8788, 8789, 8791, 8794, 8795, 8802, 8804, 8807, 8812, 8815, 8819, 8821, 8822, 8823, 8829, 8832, 8840, 8862, 8863, 8866, 8867, 8874, 8879, 8886, 8895, 8899, 8903, 8907, 8908, 8911, 8914, 8915, 8920, 8921, 8928, 8937, 8950, 8959, 8960, 8964, 8972, 8975, 8979, 8981, 8982, 8988, 8990, 8991, 8992, 8996, 9005, 9008, 9013, 9020, 9023, 9025, 9027, 9031, 9042, 9043, 9046, 9059, 9060, 9069, 9071, 9075, 9082, 9085, 9086, 9097, 9101, 9104, 9105, 9108, 9115, 9121, 9135, 9138, 9144, 9148, 9152, 9154, 9155, 9156, 9164, 9185, 9186, 9192, 9203, 9209, 9215, 9233, 9239, 9240, 9245, 9246, 9248, 9252, 9254, 9265, 9268, 9272, 9297, 9301, 9302, 9305, 9306, 9309, 9311, 9313, 9315, 9316, 9320, 9326, 9327, 9329, 9330, 9333, 9334, 9346, 9349, 9362, 9384, 9385, 9398, 9399, 9407, 9413, 9419, 9421, 9430, 9433, 9434, 9445, 9446, 9460, 9465, 9467, 9484, 9485, 9506, 9517, 9522, 9523, 9525, 9528, 9530, 9531, 9547, 9548, 9549, 9556, 9559, 9561, 9562, 9586, 9587, 9588, 9589, 9601, 9610, 9611, 9612, 9616, 9617, 9618, 9619, 9623, 9624, 9657, 9669, 9687, 9688, 9689, 9698, 9707, 9717, 9718, 9719, 9720, 9722, 9723, 9740, 9749, 9757, 9758, 9762, 9763, 9768, 9769, 9771, 9772, 9793, 9799, 9801, 9804, 9805, 9810, 9813, 9817, 9819, 9820, 9821, 9822, 9842, 9847, 9855, 9860, 9864, 9869, 9870, 9875, 9877, 9880, 9883, 9891, 9893, 9895, 9900, 9911, 9914, 9920, 9921, 9932, 9940, 9947, 9952, 9959, 9961, 9964, 9974, 9979, 9983, 9986, 9988, 9998}

Cluster-4 {centroid: 0 0 0 0 26 13 12 20 2 0 0 3 60 21 21 115 18 0 0 27 42 3 18 128 105 2 0 2 2 0 0 85 2 0 0 4 21 16 28 60 12 0 2 7 72 27 9 25 75 0 0 4 8 3 18 95 128 9 0 0 1 1 9 32 7 80 39 27 23 1 2 11 3 31 128 73 8 3 1 2 40 44 103 48 0 0 7 20 128 114 7 0 0 0 3 7 2 128 43 7 2 0 0 0 1 48 128 53 0 0 0 0 1 38 128 86 0 0 0 0 61 99 30 1 0 0 0 2 , 9992, 25, 26, 35, 37, 38, 39, 40, 41, 43, 45, 46, 47, 49, 50, 68, 69, 81, 82, 84, 85, 88, 95, 97, 99, 100, 103, 122, 125, 127, 128, 129, 130, 131, 132, 134, 136, 137, 139, 140, 147, 149, 150, 157, 170, 171, 174, 175, 177, 178, 185, 186, 189, 192, 193, 194, 198, 210, 211, 216, 217, 218, 220, 226, 228, 240, 241, 249, 260, 262, 263, 265, 273, 283, 284, 287, 289, 294, 300, 301, 302, 311, 315, 316, 317, 318, 319, 320, 323, 328, 329, 330, 337, 338, 339, 342, 345, 346, 347, 349, 351, 362, 364, 370, 376, 377, 390, 393, 397, 401, 404, 412, 413, 421, 422, 423, 424, 428, 429, 436, 437, 438, 439, 440, 441, 449, 451, 452, 465, 469, 470, 471, 477, 478, 483, 484, 486, 487, 490, 493, 495, 504, 507, 510, 511, 517, 518, 523, 524, 525, 526, 527, 532, 536, 538, 540, 541, 560, 561, 564, 566, 567, 568, 570, 571, 572, 578, 579, 580, 583, 598, 599, 600, 601, 602, 606, 607, 612, 614, 616, 618, 625, 626, 627, 629, 630, 632, 638, 639, 645, 661, 663, 664, 665, 666, 667, 668, 669, 671, 672, 676, 677, 678, 680, 681, 682, 684, 686, 687, 694, 695, 700, 704, 707, 713, 721, 722, 724, 734, 735, 739, 740, 741, 742, 747, 748, 757, 761, 769, 772, 774, 781, 782, 783, 787, 789, 791, 793, 799, 800, 804, 805, 806, 816, 818, 819, 824, 826, 841, 843, 847, 849, 850, 851, 859, 860, 862, 884, 885, 886, 887, 897, 898, 913, 914, 915, 916, 917, 920, 923, 925, 929, 939, 940, 941, 942, 943, 944, 948, 955, 965, 978, 979, 981, 983, 988, 989, 990, 995, 996, 997, 1005, 1006, 1013, 1016, 1018, 1027, 1028, 1035, 1036, 1037, 1045, 1046, 1050, 1053, 1054, 1058, 1063, 1065, 1070, 1071, 1072, 1073, 1074, 1086, 1087, 1088, 1091, 1092, 1093, 1094, 1097, 1098, 1102, 1108, 1110, 1112, 1113, 1120, 1121, 1125, 1126, 1133, 1144, 1147, 1152, 1155, 1156, 1157, 1164, 1166, 1168, 1175, 1177, 1182, 1183, 1188, 1192, 1193, 1195, 1200, 1201, 1202, 1205, 1206, 1228, 1229, 1231, 1236, 1237, 1238, 1239, 1240, 1241, 1243, 1245, 1246, 1249, 1250, 1251, 1254, 1255, 1256, 1262, 1266, 1267, 1269, 1272, 1273, 1281, 1287, 1288, 1292, 1293, 1295, 1296, 1302, 1306, 1307, 1308, 1309, 1312, 1313, 1324, 1325, 1327, 1328, 1329, 1333, 1334, 1335, 1341, 1347, 1353, 1363, 1367, 1369, 1370, 1371, 1379, 1383, 1384, 1385, 1388, 1389, 1390, 1391, 1401, 1403, 1404, 1415, 1416, 1417, 1427, 1429, 1431, 1433, 1445, 1446, 1448, 1453, 1455, 1458, 1459, 1461, 1462, 1463, 1464, 1469, 1470, 1475, 1477, 1480, 1489, 1492, 1493, 1494, 1497, 1503, 1504, 1505, 1506, 1507, 1510, 1514, 1517, 1518, 1519, 1520, 1521, 1523, 1532, 1533, 1535, 1536, 1537, 1538, 1542, 1552, 1554, 1557, 1559, 1564, 1565, 1566, 1572, 1573, 1574, 1578, 1597, 1599, 1603, 1605, 1607, 1610, 1615, 1617, 1618, 1624, 1632, 1664, 1665, 1666, 1669, 1680, 1681, 1683, 1684, 1685, 1687, 1688, 1689, 1694, 1695, 1696, 1699, 1700, 1701, 1704, 1706, 1709, 1711, 1712, 1713, 1715, 1716, 1729, 1736, 1738, 1740, 1751, 1758, 1762, 1764, 1775, 1777, 1795, 1796, 1797, 1800, 1803, 1807, 1812, 1813, 1817, 1830, 1832, 1833, 1834, 1840, 1841, 1843, 1846, 1847, 1848, 1850, 1852, 1853, 1854, 1855, 1863, 1868, 1870, 1875, 1885, 1887, 1888, 1894, 1895, 1896, 1897, 1900, 1906, 1907, 1917, 1919, 1927, 1934, 1936, 1937, 1939, 1945, 1950, 1954, 1963, 1967, 1970, 1973, 1974, 1975, 1981, 1982, 1984, 1986, 1987, 1990, 1993, 1998, 2001, 2004, 2005, 2016, 2020, 2022, 2023, 2024, 2026, 2027, 2030, 2031, 2036, 2037, 2039, 2042, 2044, 2053, 2060, 2061, 2062, 2064, 2065, 2070, 2074, 2081, 2082, 2088, 2098, 2104, 2105, 2108, 2109, 2110, 2115, 2116, 2119, 2125, 2128, 2129, 2130, 2131, 2137, 2138, 2139, 2144, 2145, 2148, 2151, 2153, 2154, 2155, 2158, 2159, 2160, 2163, 2165, 2166, 2169, 2172, 2173, 2174, 2175, 2176, 2180, 2181, 2182, 2183, 2188, 2190, 2192, 2193, 2198, 2201, 2203, 2204, 2205, 2206, 2212, 2214, 2220, 2233, 2238, 2241, 2250, 2251, 2254, 2259, 2261, 2263, 2265, 2268, 2271, 2272, 2277, 2279, 2282, 2290, 2293, 2295, 2296, 2300, 2302, 2304, 2307, 2308, 2313, 2314, 2315, 2316, 2319, 2320, 2328, 2330, 2337, 2338, 2346, 2347, 2348, 2350, 2352, 2353, 2356, 2358, 2361, 2362, 2364, 2369, 2372, 2373, 2374, 2377, 2382, 2384, 2385, 2389, 2392, 2393, 2398, 2407, 2408, 2409, 2410, 2411, 2412, 2413, 2414, 2415, 2416, 2419, 2421, 2431, 2436, 2437, 2438, 2439, 2441, 2448, 2449, 2450, 2451, 2456, 2464, 2465, 2466, 2472, 2473, 2475, 2476, 2477, 2478, 2489, 2491, 2494, 2498, 2499, 2503, 2504, 2505, 2506, 2507, 2509, 2515, 2525, 2526, 2527, 2528, 2530, 2531, 2533, 2534, 2543, 2544, 2565, 2567, 2570, 2572, 2574, 2575, 2576, 2578, 2579, 2583, 2584, 2585, 2588, 2603, 2608, 2617, 2618, 2619, 2625, 2626, 2627, 2629, 2634, 2639, 2643, 2644, 2645, 2646, 2649, 2650, 2651, 2652, 2664, 2665, 2666, 2667, 2672, 2675, 2677, 2678, 2683, 2684, 2685, 2687, 2691, 2694, 2696, 2697, 2700, 2703, 2706, 2711, 2717, 2718, 2722, 2723, 2730, 2731, 2732, 2735, 2736, 2737, 2738, 2739, 2741, 2743, 2744, 2745, 2747, 2748, 2751, 2754, 2757, 2759, 2761, 2764, 2765, 2766, 2770, 2771, 2774, 2775, 2783, 2785, 2792, 2793, 2796, 2805, 2806, 2807, 2808, 2816, 2820, 2821, 2822, 2824, 2825, 2838, 2840, 2841, 2843, 2844, 2845, 2846, 2850, 2851, 2853, 2856, 2867, 2872, 2876, 2878, 2881, 2886, 2888, 2889, 2891, 2898, 2899, 2900, 2901, 2908, 2910, 2922, 2925, 2929, 2933, 2934, 2938, 2939, 2940, 2943, 2944, 2946, 2954, 2958, 2959, 2960, 2961, 2965, 2967, 2969, 2970, 2971, 2972, 2973, 2975, 2995, 3002, 3005, 3006, 3009, 3014, 3020, 3024, 3025, 3026, 3029, 3030, 3041, 3042, 3043, 3048, 3057, 3060, 3068, 3070, 3075, 3078, 3079, 3081, 3082, 3084, 3102, 3103, 3109, 3110, 3111, 3112, 3113, 3114, 3115, 3116, 3117, 3120, 3121, 3124, 3125, 3132, 3133, 3135, 3136, 3138, 3139, 3142, 3143, 3144, 3149, 3150, 3152, 3156, 3157, 3159, 3162, 3163, 3166, 3167, 3170, 3173, 3175, 3180, 3182, 3183, 3186, 3187, 3190, 3201, 3204, 3205, 3212, 3215, 3219, 3220, 3221, 3222, 3225, 3226, 3229, 3234, 3238, 3241, 3244, 3247, 3262, 3264, 3267, 3268, 3269, 3270, 3276, 3283, 3284, 3285, 3286, 3287, 3289, 3292, 3296, 3297, 3298, 3301, 3302, 3303, 3305, 3308, 3309, 3310, 3313, 3316, 3317, 3318, 3320, 3321, 3322, 3325, 3328, 3329, 3332, 3337, 3342, 3344, 3346, 3350, 3354, 3355, 3362, 3366, 3367, 3379, 3380, 3386, 3387, 3390, 3391, 3393, 3395, 3397, 3400, 3401, 3402, 3405, 3409, 3411, 3412, 3413, 3414, 3417, 3422, 3423, 3425, 3426, 3427, 3429, 3437, 3438, 3443, 3444, 3448, 3449, 3450, 3453, 3454, 3455, 3458, 3459, 3460, 3467, 3472, 3473, 3474, 3475, 3476, 3481, 3483, 3490, 3491, 3495, 3496, 3498, 3499, 3506, 3510, 3512, 3513, 3514, 3515, 3516, 3521, 3522, 3528, 3534, 3536, 3540, 3544, 3549, 3550, 3551, 3554, 3558, 3562, 3563, 3567, 3568, 3584, 3588, 3589, 3591, 3592, 3597, 3605, 3610, 3612, 3614, 3615, 3619, 3621, 3622, 3624, 3625, 3627, 3628, 3629, 3630, 3634, 3635, 3637, 3639, 3645, 3646, 3647, 3649, 3650, 3653, 3654, 3655, 3657, 3678, 3680, 3682, 3683, 3687, 3688, 3692, 3693, 3694, 3695, 3698, 3710, 3711, 3713, 3714, 3715, 3716, 3718, 3720, 3721, 3725, 3734, 3735, 3736, 3737, 3738, 3741, 3743, 3744, 3747, 3754, 3759, 3760, 3770, 3773, 3777, 3778, 3783, 3785, 3789, 3795, 3796, 3798, 3806, 3812, 3813, 3814, 3815, 3826, 3827, 3829, 3830, 3833, 3834, 3835, 3836, 3838, 3839, 3840, 3841, 3842, 3850, 3851, 3853, 3855, 3857, 3863, 3864, 3865, 3868, 3869, 3872, 3873, 3875, 3878, 3881, 3883, 3884, 3885, 3886, 3888, 3893, 3897, 3899, 3902, 3903, 3904, 3906, 3907, 3909, 3910, 3911, 3914, 3915, 3916, 3917, 3918, 3919, 3921, 3926, 3927, 3929, 3933, 3935, 3936, 3942, 3943, 3947, 3948, 3950, 3952, 3953, 3955, 3966, 3968, 3969, 3971, 3972, 3975, 3978, 3982, 3983, 3986, 3991, 3992, 3994, 3996, 3998, 4002, 4003, 4007, 4009, 4011, 4014, 4020, 4021, 4022, 4024, 4037, 4038, 4045, 4049, 4050, 4051, 4060, 4063, 4064, 4065, 4066, 4067, 4068, 4070, 4073, 4076, 4089, 4090, 4095, 4096, 4099, 4101, 4104, 4112, 4113, 4119, 4120, 4123, 4124, 4125, 4126, 4129, 4130, 4131, 4132, 4133, 4136, 4138, 4139, 4140, 4141, 4143, 4144, 4146, 4147, 4153, 4159, 4163, 4169, 4174, 4175, 4176, 4178, 4179, 4180, 4181, 4183, 4185, 4188, 4192, 4200, 4202, 4203, 4215, 4217, 4218, 4221, 4223, 4224, 4231, 4234, 4235, 4238, 4239, 4242, 4243, 4244, 4246, 4247, 4248, 4249, 4250, 4251, 4252, 4253, 4254, 4256, 4257, 4262, 4264, 4265, 4269, 4272, 4276, 4280, 4281, 4285, 4289, 4292, 4294, 4295, 4296, 4297, 4299, 4302, 4307, 4315, 4320, 4321, 4323, 4324, 4325, 4326, 4336, 4342, 4343, 4344, 4351, 4356, 4357, 4361, 4362, 4364, 4367, 4370, 4371, 4372, 4374, 4375, 4378, 4380, 4381, 4384, 4385, 4388, 4397, 4412, 4413, 4414, 4415, 4419, 4420, 4421, 4422, 4423, 4425, 4426, 4428, 4432, 4436, 4437, 4438, 4439, 4443, 4444, 4445, 4446, 4448, 4449, 4450, 4455, 4456, 4457, 4467, 4468, 4488, 4495, 4502, 4503, 4516, 4517, 4518, 4523, 4524, 4525, 4526, 4527, 4530, 4533, 4550, 4551, 4552, 4564, 4565, 4579, 4580, 4598, 4599, 4611, 4619, 4620, 4629, 4643, 4644, 4645, 4649, 4687, 4696, 4697, 4723, 4724, 4732, 4733, 4746, 4747, 4748, 4751, 4759, 4760, 4772, 4773, 4799, 4800, 4801, 4802, 4810, 4815, 4816, 4825, 4838, 4839, 4860, 4883, 4895, 4896, 4913, 4920, 4921, 4922, 4923, 4937, 4938, 4939, 4944, 4955, 4967, 4968, 4980, 4999, 5035, 5038, 5039, 5049, 5050, 5059, 5066, 5067, 5082, 5094, 5095, 5099, 5105, 5106, 5110, 5115, 5119, 5120, 5126, 5127, 5141, 5142, 5149, 5151, 5152, 5153, 5181, 5182, 5186, 5188, 5190, 5191, 5192, 5193, 5199, 5203, 5211, 5223, 5227, 5228, 5239, 5255, 5256, 5259, 5263, 5269, 5270, 5272, 5284, 5285, 5291, 5292, 5299, 5305, 5309, 5310, 5313, 5314, 5315, 5317, 5323, 5324, 5347, 5348, 5356, 5359, 5360, 5367, 5375, 5376, 5378, 5383, 5392, 5393, 5394, 5395, 5400, 5401, 5410, 5411, 5417, 5421, 5423, 5429, 5443, 5444, 5445, 5448, 5450, 5451, 5466, 5472, 5473, 5474, 5480, 5481, 5490, 5491, 5498, 5499, 5500, 5505, 5506, 5507, 5508, 5517, 5536, 5538, 5545, 5548, 5552, 5553, 5563, 5565, 5566, 5570, 5574, 5583, 5590, 5600, 5603, 5604, 5608, 5617, 5618, 5623, 5624, 5632, 5637, 5642, 5655, 5656, 5657, 5659, 5660, 5661, 5662, 5663, 5666, 5668, 5671, 5672, 5677, 5678, 5679, 5680, 5681, 5685, 5686, 5689, 5690, 5692, 5693, 5694, 5696, 5699, 5700, 5705, 5706, 5708, 5709, 5722, 5724, 5728, 5739, 5743, 5752, 5756, 5763, 5764, 5765, 5767, 5780, 5781, 5782, 5793, 5794, 5798, 5800, 5801, 5809, 5810, 5816, 5818, 5819, 5829, 5830, 5839, 5840, 5841, 5843, 5844, 5845, 5846, 5852, 5853, 5854, 5857, 5858, 5868, 5869, 5874, 5875, 5876, 5877, 5881, 5890, 5891, 5892, 5893, 5894, 5901, 5915, 5918, 5920, 5923, 5924, 5928, 5929, 5931, 5932, 5933, 5934, 5953, 5954, 5955, 5967, 5968, 5972, 5974, 5982, 5983, 5984, 5987, 5996, 6001, 6002, 6003, 6004, 6010, 6011, 6012, 6018, 6020, 6022, 6023, 6037, 6038, 6039, 6040, 6044, 6045, 6053, 6054, 6056, 6061, 6062, 6064, 6067, 6070, 6071, 6072, 6073, 6074, 6078, 6080, 6082, 6083, 6087, 6092, 6094, 6098, 6101, 6111, 6112, 6113, 6114, 6116, 6121, 6122, 6127, 6139, 6147, 6152, 6153, 6155, 6158, 6159, 6160, 6161, 6167, 6168, 6174, 6178, 6183, 6184, 6189, 6190, 6191, 6195, 6196, 6198, 6199, 6204, 6205, 6207, 6208, 6209, 6210, 6212, 6213, 6220, 6228, 6232, 6242, 6244, 6245, 6246, 6247, 6250, 6252, 6253, 6256, 6257, 6258, 6281, 6282, 6283, 6284, 6285, 6286, 6287, 6291, 6292, 6296, 6297, 6312, 6313, 6314, 6316, 6317, 6318, 6326, 6333, 6334, 6337, 6345, 6346, 6360, 6368, 6374, 6376, 6377, 6385, 6386, 6393, 6396, 6397, 6400, 6406, 6411, 6412, 6418, 6419, 6421, 6427, 6433, 6442, 6444, 6446, 6450, 6455, 6458, 6459, 6460, 6461, 6465, 6466, 6467, 6469, 6470, 6472, 6474, 6475, 6480, 6481, 6483, 6484, 6494, 6496, 6499, 6500, 6513, 6514, 6515, 6516, 6517, 6519, 6522, 6523, 6531, 6533, 6535, 6536, 6537, 6541, 6542, 6550, 6564, 6568, 6570, 6572, 6575, 6576, 6577, 6581, 6586, 6587, 6590, 6592, 6593, 6594, 6600, 6601, 6612, 6613, 6614, 6623, 6624, 6629, 6630, 6631, 6637, 6638, 6640, 6646, 6647, 6649, 6650, 6651, 6659, 6660, 6664, 6667, 6669, 6672, 6673, 6674, 6676, 6677, 6678, 6679, 6683, 6685, 6686, 6687, 6688, 6689, 6692, 6693, 6697, 6699, 6700, 6705, 6706, 6708, 6709, 6710, 6711, 6712, 6713, 6720, 6721, 6723, 6724, 6728, 6729, 6730, 6731, 6752, 6760, 6761, 6762, 6763, 6767, 6768, 6775, 6776, 6777, 6778, 6790, 6791, 6792, 6793, 6798, 6799, 6800, 6807, 6818, 6820, 6821, 6829, 6832, 6833, 6834, 6835, 6836, 6837, 6838, 6842, 6843, 6844, 6845, 6846, 6850, 6856, 6859, 6860, 6862, 6863, 6864, 6865, 6881, 6890, 6891, 6893, 6894, 6897, 6900, 6901, 6905, 6928, 6936, 6946, 6948, 6965, 6966, 6969, 6970, 6971, 6972, 6973, 6974, 6979, 6982, 6983, 6984, 6992, 6993, 6998, 6999, 7009, 7010, 7012, 7013, 7017, 7021, 7022, 7027, 7030, 7031, 7034, 7035, 7039, 7043, 7052, 7057, 7058, 7061, 7062, 7065, 7066, 7067, 7068, 7069, 7071, 7074, 7076, 7077, 7080, 7081, 7089, 7091, 7092, 7097, 7098, 7103, 7104, 7106, 7110, 7111, 7114, 7116, 7117, 7119, 7120, 7123, 7129, 7132, 7133, 7141, 7142, 7151, 7161, 7162, 7164, 7170, 7171, 7172, 7173, 7175, 7178, 7179, 7185, 7190, 7194, 7196, 7197, 7198, 7202, 7203, 7209, 7213, 7215, 7220, 7221, 7226, 7227, 7228, 7230, 7231, 7232, 7235, 7240, 7243, 7244, 7245, 7246, 7247, 7250, 7254, 7255, 7266, 7271, 7272, 7273, 7275, 7277, 7281, 7282, 7283, 7284, 7285, 7287, 7289, 7290, 7293, 7294, 7296, 7299, 7301, 7304, 7306, 7313, 7315, 7316, 7318, 7322, 7323, 7325, 7333, 7334, 7335, 7337, 7340, 7341, 7342, 7349, 7353, 7356, 7357, 7358, 7361, 7366, 7367, 7368, 7369, 7375, 7376, 7377, 7379, 7384, 7385, 7389, 7391, 7392, 7393, 7394, 7396, 7405, 7407, 7424, 7426, 7433, 7439, 7440, 7445, 7446, 7453, 7460, 7461, 7462, 7470, 7471, 7489, 7490, 7507, 7508, 7520, 7524, 7525, 7526, 7527, 7528, 7531, 7534, 7535, 7537, 7538, 7539, 7540, 7547, 7548, 7552, 7555, 7557, 7558, 7569, 7572, 7576, 7587, 7588, 7591, 7595, 7597, 7600, 7601, 7608, 7609, 7620, 7623, 7624, 7626, 7627, 7628, 7629, 7630, 7633, 7634, 7635, 7636, 7637, 7646, 7648, 7651, 7652, 7653, 7658, 7659, 7661, 7666, 7670, 7671, 7681, 7683, 7684, 7685, 7686, 7692, 7693, 7694, 7702, 7703, 7704, 7705, 7706, 7713, 7718, 7719, 7722, 7727, 7728, 7742, 7743, 7746, 7747, 7752, 7755, 7757, 7768, 7769, 7770, 7774, 7776, 7777, 7786, 7791, 7792, 7793, 7800, 7809, 7810, 7814, 7815, 7824, 7825, 7827, 7830, 7831, 7832, 7834, 7836, 7837, 7838, 7841, 7842, 7846, 7847, 7848, 7849, 7852, 7853, 7855, 7857, 7862, 7863, 7864, 7872, 7874, 7879, 7880, 7883, 7888, 7889, 7890, 7892, 7893, 7894, 7895, 7897, 7898, 7900, 7901, 7902, 7903, 7904, 7914, 7915, 7916, 7917, 7918, 7919, 7929, 7934, 7935, 7942, 7943, 7951, 7952, 7955, 7957, 7958, 7959, 7962, 7968, 7969, 7970, 7971, 7978, 7979, 7984, 7985, 7987, 7991, 7993, 8001, 8002, 8007, 8010, 8011, 8013, 8014, 8015, 8023, 8028, 8043, 8044, 8056, 8057, 8064, 8065, 8067, 8069, 8070, 8074, 8082, 8085, 8086, 8087, 8090, 8091, 8104, 8107, 8108, 8113, 8115, 8116, 8117, 8118, 8125, 8135, 8143, 8144, 8148, 8149, 8150, 8154, 8155, 8157, 8158, 8162, 8164, 8166, 8167, 8192, 8193, 8194, 8195, 8199, 8203, 8207, 8213, 8214, 8219, 8220, 8221, 8222, 8224, 8228, 8229, 8233, 8235, 8236, 8238, 8241, 8242, 8247, 8248, 8251, 8252, 8260, 8270, 8275, 8278, 8281, 8283, 8284, 8285, 8290, 8292, 8293, 8296, 8297, 8298, 8305, 8306, 8307, 8312, 8314, 8316, 8317, 8318, 8320, 8322, 8323, 8344, 8345, 8347, 8350, 8351, 8353, 8360, 8366, 8368, 8371, 8372, 8379, 8384, 8385, 8386, 8388, 8390, 8397, 8405, 8408, 8409, 8412, 8413, 8421, 8423, 8424, 8425, 8426, 8427, 8428, 8431, 8432, 8434, 8435, 8437, 8441, 8446, 8448, 8457, 8461, 8462, 8464, 8473, 8478, 8483, 8484, 8486, 8487, 8488, 8489, 8490, 8492, 8496, 8499, 8508, 8509, 8510, 8511, 8512, 8513, 8514, 8516, 8518, 8522, 8524, 8525, 8529, 8530, 8532, 8533, 8536, 8537, 8543, 8544, 8545, 8548, 8549, 8555, 8559, 8560, 8571, 8575, 8584, 8586, 8595, 8596, 8601, 8603, 8604, 8607, 8611, 8614, 8616, 8617, 8620, 8625, 8627, 8628, 8629, 8637, 8640, 8643, 8648, 8652, 8653, 8654, 8656, 8657, 8658, 8659, 8666, 8667, 8668, 8669, 8670, 8671, 8675, 8676, 8686, 8688, 8689, 8690, 8691, 8693, 8694, 8706, 8709, 8711, 8716, 8720, 8727, 8729, 8731, 8736, 8740, 8741, 8744, 8749, 8752, 8753, 8766, 8767, 8768, 8772, 8773, 8775, 8776, 8781, 8797, 8799, 8805, 8808, 8809, 8810, 8813, 8824, 8825, 8830, 8835, 8837, 8838, 8843, 8844, 8845, 8846, 8847, 8848, 8849, 8854, 8857, 8858, 8860, 8861, 8864, 8865, 8868, 8869, 8870, 8871, 8876, 8887, 8890, 8892, 8909, 8910, 8917, 8918, 8922, 8925, 8926, 8929, 8931, 8932, 8933, 8934, 8938, 8939, 8940, 8942, 8944, 8945, 8952, 8954, 8955, 8956, 8962, 8966, 8967, 8968, 8969, 8993, 8994, 8995, 8998, 8999, 9000, 9001, 9002, 9009, 9012, 9015, 9016, 9021, 9029, 9033, 9037, 9039, 9044, 9053, 9057, 9064, 9065, 9066, 9070, 9080, 9081, 9083, 9089, 9090, 9091, 9092, 9093, 9099, 9111, 9113, 9114, 9117, 9123, 9125, 9127, 9128, 9129, 9130, 9131, 9132, 9133, 9137, 9140, 9141, 9150, 9151, 9158, 9160, 9161, 9162, 9163, 9167, 9168, 9169, 9170, 9175, 9176, 9177, 9193, 9194, 9196, 9197, 9198, 9202, 9204, 9207, 9218, 9222, 9223, 9224, 9225, 9226, 9227, 9229, 9230, 9234, 9235, 9237, 9238, 9249, 9250, 9262, 9263, 9264, 9269, 9273, 9274, 9275, 9276, 9277, 9278, 9280, 9281, 9282, 9283, 9285, 9286, 9289, 9291, 9292, 9294, 9295, 9300, 9303, 9304, 9318, 9322, 9328, 9335, 9336, 9338, 9340, 9344, 9345, 9348, 9351, 9361, 9363, 9364, 9367, 9371, 9373, 9374, 9375, 9376, 9379, 9381, 9388, 9389, 9390, 9392, 9393, 9394, 9395, 9404, 9405, 9406, 9408, 9409, 9410, 9411, 9422, 9424, 9425, 9426, 9427, 9428, 9429, 9435, 9436, 9438, 9439, 9440, 9442, 9443, 9447, 9448, 9449, 9450, 9452, 9453, 9454, 9455, 9456, 9457, 9462, 9463, 9472, 9473, 9475, 9477, 9478, 9479, 9489, 9490, 9491, 9492, 9493, 9496, 9497, 9500, 9501, 9503, 9508, 9510, 9514, 9515, 9519, 9520, 9526, 9532, 9533, 9534, 9535, 9536, 9543, 9544, 9546, 9550, 9551, 9558, 9564, 9567, 9569, 9572, 9573, 9574, 9576, 9578, 9579, 9580, 9581, 9582, 9583, 9584, 9591, 9592, 9594, 9595, 9596, 9605, 9607, 9608, 9609, 9614, 9615, 9620, 9622, 9630, 9631, 9632, 9634, 9636, 9637, 9638, 9639, 9642, 9644, 9645, 9646, 9648, 9651, 9652, 9653, 9658, 9660, 9661, 9662, 9663, 9667, 9668, 9670, 9671, 9672, 9674, 9676, 9677, 9681, 9684, 9686, 9690, 9691, 9693, 9694, 9695, 9702, 9704, 9705, 9706, 9709, 9710, 9711, 9712, 9713, 9714, 9716, 9724, 9725, 9730, 9731, 9733, 9734, 9735, 9737, 9739, 9741, 9742, 9743, 9745, 9747, 9753, 9754, 9756, 9759, 9760, 9761, 9765, 9766, 9775, 9777, 9778, 9780, 9781, 9784, 9785, 9786, 9787, 9791, 9794, 9796, 9802, 9806, 9807, 9808, 9811, 9812, 9814, 9823, 9824, 9826, 9827, 9828, 9830, 9832, 9833, 9834, 9835, 9836, 9837, 9839, 9840, 9843, 9844, 9845, 9852, 9853, 9857, 9865, 9866, 9878, 9886, 9888, 9889, 9897, 9898, 9901, 9902, 9903, 9906, 9908, 9912, 9915, 9917, 9923, 9924, 9925, 9927, 9928, 9929, 9930, 9933, 9935, 9936, 9938, 9949, 9954, 9957, 9958, 9969, 9970, 9972, 9977, 9978, 9981, 9982, 9984, 9985, 9990, 10000}

Cluster-5 {centroid: 98 2 0 4 18 12 6 29 10 0 0 5 41 37 119 36 30 0 0 0 0 1 119 77 13 0 0 0 14 25 50 16 77 109 53 25 53 0 0 4 15 9 2 55 119 8 10 5 119 7 1 0 1 0 10 44 44 0 0 0 60 27 5 16 0 45 46 18 57 55 24 5 1 50 81 95 119 9 5 4 41 102 119 5 0 0 0 6 16 21 79 60 38 12 1 4 46 3 0 1 2 71 47 34 70 96 55 16 9 1 7 32 0 63 119 1 0 0 7 5 0 7 86 41 0 1 3 0 , 9502, 23, 27, 36, 42, 44, 48, 77, 94, 96, 98, 107, 108, 109, 110, 121, 123, 124, 126, 133, 138, 145, 146, 148, 151, 152, 155, 156, 172, 173, 191, 195, 200, 201, 219, 225, 227, 229, 230, 232, 233, 239, 244, 245, 250, 261, 264, 271, 272, 276, 277, 281, 282, 285, 286, 288, 293, 299, 303, 304, 310, 314, 322, 331, 340, 341, 348, 350, 361, 363, 365, 369, 371, 372, 382, 383, 394, 398, 402, 403, 407, 408, 409, 419, 420, 431, 445, 446, 450, 453, 463, 464, 466, 468, 472, 479, 480, 485, 488, 489, 494, 496, 497, 498, 503, 505, 506, 508, 509, 530, 531, 533, 539, 542, 543, 545, 565, 569, 574, 584, 587, 588, 603, 610, 611, 613, 615, 617, 628, 631, 642, 643, 644, 646, 647, 657, 662, 670, 673, 674, 685, 688, 696, 697, 698, 699, 703, 714, 717, 718, 736, 743, 744, 749, 755, 756, 758, 762, 763, 770, 773, 780, 786, 788, 790, 792, 795, 796, 801, 807, 808, 812, 813, 817, 820, 822, 823, 827, 834, 835, 836, 839, 840, 842, 844, 845, 848, 858, 863, 864, 870, 871, 883, 910, 924, 926, 930, 933, 947, 949, 950, 954, 958, 980, 982, 984, 991, 998, 999, 1017, 1029, 1030, 1031, 1032, 1033, 1034, 1038, 1039, 1051, 1052, 1066, 1069, 1075, 1095, 1096, 1100, 1101, 1103, 1109, 1111, 1117, 1118, 1127, 1128, 1130, 1131, 1132, 1139, 1140, 1141, 1142, 1143, 1148, 1149, 1150, 1151, 1162, 1163, 1165, 1167, 1176, 1184, 1185, 1186, 1187, 1189, 1194, 1203, 1204, 1211, 1212, 1213, 1219, 1220, 1230, 1242, 1244, 1247, 1280, 1282, 1283, 1284, 1291, 1294, 1310, 1311, 1316, 1318, 1319, 1320, 1323, 1326, 1340, 1342, 1354, 1355, 1364, 1368, 1382, 1386, 1402, 1428, 1430, 1434, 1439, 1444, 1447, 1449, 1454, 1460, 1468, 1471, 1476, 1485, 1486, 1487, 1490, 1491, 1495, 1498, 1499, 1502, 1511, 1513, 1522, 1524, 1534, 1541, 1544, 1545, 1553, 1558, 1567, 1575, 1579, 1581, 1598, 1600, 1606, 1608, 1609, 1616, 1619, 1620, 1621, 1625, 1626, 1627, 1628, 1633, 1634, 1635, 1646, 1647, 1667, 1668, 1670, 1677, 1678, 1679, 1686, 1690, 1705, 1707, 1708, 1710, 1714, 1717, 1728, 1737, 1739, 1741, 1752, 1753, 1754, 1757, 1759, 1760, 1761, 1763, 1765, 1772, 1773, 1774, 1776, 1778, 1784, 1785, 1786, 1787, 1788, 1789, 1794, 1801, 1802, 1806, 1808, 1816, 1825, 1831, 1835, 1842, 1844, 1849, 1856, 1857, 1864, 1866, 1867, 1869, 1874, 1880, 1886, 1898, 1899, 1921, 1922, 1928, 1929, 1931, 1935, 1938, 1940, 1941, 1942, 1943, 1944, 1948, 1949, 1955, 1964, 1968, 1971, 1972, 1983, 1985, 1988, 1989, 1991, 1992, 1994, 1996, 1997, 1999, 2000, 2002, 2003, 2006, 2007, 2019, 2025, 2029, 2040, 2041, 2043, 2045, 2054, 2055, 2056, 2057, 2066, 2067, 2069, 2075, 2078, 2079, 2080, 2087, 2089, 2090, 2096, 2097, 2106, 2107, 2111, 2112, 2113, 2114, 2117, 2118, 2120, 2140, 2149, 2150, 2152, 2161, 2162, 2164, 2177, 2184, 2194, 2199, 2200, 2202, 2213, 2215, 2219, 2229, 2232, 2235, 2239, 2242, 2245, 2246, 2255, 2260, 2262, 2264, 2266, 2273, 2274, 2275, 2278, 2280, 2281, 2285, 2286, 2287, 2294, 2301, 2303, 2305, 2309, 2310, 2311, 2312, 2321, 2329, 2331, 2345, 2349, 2355, 2357, 2359, 2363, 2370, 2371, 2376, 2379, 2380, 2381, 2383, 2391, 2395, 2396, 2397, 2399, 2405, 2406, 2417, 2418, 2420, 2434, 2435, 2440, 2446, 2447, 2452, 2455, 2457, 2458, 2459, 2469, 2470, 2479, 2490, 2492, 2493, 2495, 2496, 2497, 2508, 2510, 2513, 2514, 2516, 2517, 2532, 2539, 2540, 2554, 2562, 2568, 2571, 2577, 2580, 2589, 2590, 2591, 2602, 2604, 2605, 2606, 2607, 2614, 2628, 2630, 2631, 2635, 2636, 2640, 2642, 2647, 2648, 2673, 2674, 2679, 2686, 2690, 2695, 2701, 2702, 2707, 2716, 2719, 2728, 2733, 2734, 2740, 2742, 2746, 2750, 2755, 2756, 2760, 2762, 2763, 2767, 2773, 2776, 2777, 2782, 2784, 2786, 2794, 2795, 2797, 2798, 2799, 2801, 2802, 2811, 2817, 2823, 2842, 2849, 2852, 2860, 2868, 2871, 2879, 2880, 2882, 2883, 2887, 2890, 2902, 2906, 2907, 2909, 2914, 2923, 2924, 2928, 2930, 2935, 2936, 2937, 2945, 2953, 2962, 2963, 2966, 2968, 2974, 2976, 2977, 2986, 2990, 2991, 2992, 2993, 3003, 3010, 3013, 3017, 3018, 3027, 3044, 3056, 3061, 3062, 3063, 3065, 3066, 3067, 3069, 3076, 3080, 3085, 3097, 3098, 3099, 3100, 3101, 3118, 3119, 3122, 3123, 3126, 3127, 3131, 3134, 3137, 3145, 3148, 3153, 3154, 3155, 3158, 3171, 3172, 3174, 3181, 3196, 3197, 3198, 3199, 3200, 3211, 3223, 3224, 3228, 3230, 3231, 3235, 3242, 3243, 3245, 3248, 3249, 3250, 3263, 3266, 3272, 3277, 3288, 3290, 3293, 3295, 3299, 3300, 3315, 3319, 3336, 3343, 3345, 3347, 3351, 3356, 3357, 3360, 3361, 3363, 3364, 3365, 3368, 3381, 3382, 3392, 3394, 3396, 3398, 3399, 3406, 3407, 3410, 3415, 3418, 3419, 3420, 3428, 3430, 3441, 3442, 3451, 3456, 3461, 3471, 3477, 3478, 3482, 3489, 3492, 3507, 3511, 3526, 3527, 3529, 3530, 3531, 3535, 3537, 3538, 3539, 3541, 3552, 3553, 3557, 3559, 3560, 3561, 3569, 3573, 3574, 3578, 3579, 3582, 3583, 3590, 3606, 3609, 3611, 3613, 3616, 3620, 3626, 3636, 3638, 3656, 3660, 3677, 3679, 3681, 3684, 3685, 3686, 3696, 3697, 3699, 3700, 3712, 3717, 3745, 3746, 3751, 3752, 3753, 3762, 3774, 3784, 3788, 3790, 3793, 3794, 3797, 3807, 3808, 3809, 3810, 3811, 3816, 3832, 3837, 3843, 3849, 3852, 3854, 3856, 3858, 3859, 3862, 3870, 3874, 3879, 3887, 3889, 3891, 3894, 3895, 3896, 3898, 3905, 3908, 3920, 3923, 3934, 3944, 3945, 3949, 3951, 3958, 3967, 3976, 3977, 3990, 3993, 3997, 3999, 4000, 4001, 4008, 4010, 4015, 4016, 4019, 4023, 4025, 4026, 4028, 4029, 4034, 4035, 4039, 4052, 4053, 4056, 4057, 4058, 4059, 4061, 4062, 4069, 4074, 4075, 4088, 4097, 4098, 4100, 4102, 4103, 4105, 4137, 4142, 4145, 4160, 4164, 4165, 4170, 4171, 4172, 4177, 4182, 4184, 4193, 4208, 4209, 4214, 4220, 4245, 4263, 4270, 4271, 4273, 4286, 4287, 4290, 4291, 4293, 4298, 4301, 4306, 4322, 4327, 4337, 4360, 4363, 4373, 4376, 4377, 4379, 4382, 4383, 4386, 4387, 4398, 4399, 4416, 4424, 4427, 4429, 4430, 4431, 4442, 4447, 4451, 4476, 4482, 4483, 4486, 4487, 4494, 4498, 4514, 4515, 4528, 4529, 4534, 4545, 4581, 4612, 4613, 4650, 4653, 4654, 4775, 4859, 4869, 4870, 4924, 4936, 4956, 4975, 4984, 4998, 5020, 5021, 5036, 5041, 5060, 5080, 5081, 5098, 5100, 5116, 5175, 5185, 5189, 5202, 5204, 5212, 5231, 5232, 5262, 5271, 5275, 5276, 5277, 5278, 5306, 5307, 5308, 5318, 5319, 5341, 5349, 5377, 5384, 5385, 5446, 5447, 5456, 5467, 5475, 5496, 5509, 5514, 5518, 5537, 5539, 5564, 5575, 5581, 5582, 5584, 5585, 5591, 5598, 5599, 5601, 5607, 5631, 5638, 5658, 5688, 5723, 5725, 5726, 5727, 5736, 5740, 5753, 5766, 5797, 5802, 5813, 5814, 5815, 5817, 5825, 5826, 5831, 5842, 5867, 5870, 5882, 5902, 5907, 5919, 5927, 5935, 5952, 5962, 5973, 5975, 5976, 5988, 5995, 5999, 6000, 6005, 6013, 6019, 6043, 6055, 6065, 6075, 6079, 6081, 6093, 6095, 6099, 6100, 6102, 6115, 6128, 6140, 6141, 6146, 6154, 6156, 6157, 6166, 6175, 6179, 6185, 6186, 6194, 6197, 6211, 6214, 6221, 6224, 6225, 6229, 6288, 6295, 6327, 6338, 6357, 6358, 6359, 6370, 6375, 6387, 6392, 6394, 6395, 6422, 6443, 6445, 6451, 6464, 6468, 6482, 6486, 6487, 6495, 6512, 6520, 6530, 6534, 6538, 6539, 6540, 6543, 6569, 6571, 6573, 6574, 6580, 6599, 6615, 6627, 6636, 6639, 6652, 6653, 6654, 6655, 6663, 6668, 6670, 6671, 6675, 6698, 6725, 6734, 6749, 6751, 6764, 6765, 6769, 6770, 6783, 6794, 6808, 6809, 6810, 6819, 6830, 6831, 6841, 6855, 6857, 6858, 6861, 6880, 6882, 6898, 6902, 6913, 6914, 6921, 6922, 6929, 6935, 6941, 6942, 6945, 6947, 6949, 6962, 6967, 6968, 6978, 7011, 7014, 7016, 7037, 7038, 7044, 7055, 7056, 7063, 7064, 7070, 7075, 7084, 7085, 7086, 7087, 7088, 7090, 7093, 7096, 7099, 7102, 7105, 7107, 7108, 7115, 7122, 7130, 7131, 7163, 7174, 7176, 7180, 7181, 7186, 7189, 7195, 7199, 7212, 7225, 7229, 7233, 7234, 7239, 7249, 7251, 7267, 7274, 7276, 7278, 7295, 7297, 7300, 7305, 7307, 7314, 7317, 7319, 7320, 7321, 7326, 7336, 7343, 7350, 7354, 7359, 7370, 7371, 7378, 7380, 7383, 7390, 7395, 7397, 7403, 7404, 7406, 7408, 7425, 7438, 7441, 7452, 7492, 7505, 7506, 7521, 7532, 7536, 7542, 7553, 7560, 7584, 7596, 7610, 7613, 7621, 7622, 7625, 7632, 7645, 7650, 7656, 7657, 7660, 7662, 7667, 7669, 7710, 7711, 7712, 7714, 7715, 7716, 7729, 7730, 7735, 7756, 7760, 7761, 7771, 7781, 7796, 7797, 7826, 7828, 7833, 7839, 7856, 7873, 7881, 7896, 7913, 7926, 7930, 7931, 7937, 7953, 7954, 7977, 7980, 7986, 7988, 7992, 8008, 8009, 8012, 8017, 8018, 8021, 8022, 8027, 8045, 8046, 8080, 8081, 8114, 8124, 8128, 8129, 8134, 8139, 8140, 8145, 8151, 8161, 8165, 8185, 8202, 8204, 8205, 8206, 8208, 8209, 8211, 8212, 8232, 8237, 8239, 8250, 8258, 8259, 8272, 8274, 8279, 8282, 8289, 8294, 8295, 8304, 8313, 8315, 8321, 8324, 8325, 8326, 8346, 8348, 8352, 8361, 8362, 8367, 8378, 8387, 8391, 8400, 8406, 8411, 8422, 8429, 8430, 8433, 8438, 8447, 8449, 8454, 8456, 8463, 8479, 8480, 8485, 8491, 8494, 8495, 8515, 8526, 8531, 8535, 8538, 8546, 8547, 8570, 8572, 8573, 8574, 8582, 8583, 8585, 8602, 8608, 8615, 8621, 8626, 8644, 8674, 8681, 8687, 8692, 8701, 8702, 8710, 8717, 8718, 8728, 8732, 8735, 8743, 8750, 8754, 8769, 8774, 8782, 8792, 8793, 8796, 8800, 8801, 8806, 8814, 8817, 8831, 8834, 8836, 8841, 8842, 8850, 8859, 8877, 8888, 8889, 8893, 8900, 8905, 8906, 8924, 8930, 8935, 8941, 8947, 8948, 8953, 8957, 8961, 8963, 8970, 8971, 9022, 9028, 9030, 9034, 9038, 9049, 9050, 9056, 9067, 9072, 9073, 9076, 9084, 9088, 9094, 9098, 9100, 9112, 9116, 9119, 9120, 9124, 9126, 9139, 9143, 9149, 9159, 9178, 9179, 9180, 9183, 9184, 9189, 9190, 9199, 9200, 9201, 9205, 9206, 9212, 9213, 9214, 9219, 9228, 9236, 9251, 9260, 9261, 9279, 9284, 9290, 9296, 9323, 9324, 9331, 9332, 9341, 9343, 9347, 9352, 9354, 9359, 9360, 9368, 9369, 9370, 9372, 9380, 9382, 9391, 9396, 9402, 9403, 9412, 9423, 9437, 9444, 9451, 9461, 9468, 9469, 9470, 9471, 9476, 9480, 9486, 9494, 9498, 9504, 9507, 9509, 9511, 9516, 9521, 9524, 9527, 9537, 9538, 9539, 9540, 9541, 9542, 9545, 9552, 9553, 9554, 9555, 9557, 9565, 9566, 9568, 9571, 9575, 9577, 9585, 9593, 9598, 9599, 9600, 9603, 9604, 9606, 9613, 9621, 9626, 9627, 9628, 9633, 9635, 9640, 9641, 9643, 9647, 9649, 9650, 9654, 9655, 9656, 9659, 9664, 9665, 9666, 9673, 9675, 9678, 9679, 9680, 9682, 9683, 9685, 9692, 9703, 9715, 9726, 9727, 9732, 9736, 9738, 9744, 9746, 9750, 9755, 9764, 9776, 9779, 9782, 9783, 9788, 9795, 9803, 9815, 9816, 9825, 9829, 9831, 9838, 9849, 9850, 9851, 9858, 9861, 9862, 9867, 9873, 9874, 9879, 9887, 9899, 9904, 9907, 9909, 9916, 9918, 9926, 9931, 9934, 9937, 9950, 9955, 9962, 9963, 9965, 9966, 9967, 9968, 9971, 9989, 9991, 9995, 9996, 9999}

